 1.000000000000000    -8.160113931675305    -8.186557063094403
 1.050000000000000    -8.231242712217073    -8.284626107930331
 1.100000000000000    -8.217434464632158    -8.215871153977743
 1.150000000000000    -8.116296665372685    -8.106128848975896
 1.200000000000000    -7.871134707254028    -7.872131046282273
 1.250000000000000    -7.503075228351737    -7.540304112036838
 1.300000000000000    -6.973163082595518    -7.003838229441239
 1.350000000000000    -6.241055679456465    -6.202079489587010
 1.400000000000000    -5.097959056983537    -5.249987410031585
 1.450000000000000    -3.523709726353244    -3.600836845140200
 1.500000000000000    -2.003301838405011    -1.782039307941674
 1.550000000000000    -0.529959748108619    -0.496070716810916
 1.600000000000000    -3.117256240197178    -2.581956621769900
 1.650000000000000    -6.910204811164146    -7.099771052284911
 1.700000000000000   -11.265578483452195   -10.918737791808788
 1.750000000000000   -14.427904110053172   -14.688445103176305
 1.800000000000000   -18.468857101124360   -18.575236224984572
 1.850000000000000   -22.277358359959514   -20.983168411680662
 1.900000000000000   -25.412809857043531   -24.823713923567308
 1.950000000000000   -29.315187746949746   -29.282195598960936
 2.000000000000000   -32.902892323672440   -33.363936194081596
 2.050000000000000   -37.733575232404363   -37.451480817730705
 2.100000000000000   -44.850578983398286   -44.772312986719605
 2.150000000000000   -51.120134229115976   -58.490259098356525
 2.200000000000000   -57.635718633080842   -67.194067824802033
 2.250000000000000   -54.349947787574052   -58.757642038272735
 2.300000000000000   -55.529661690990693   -53.761439494108565
 2.350000000000000   -69.457165593619692   -55.367285800662358
 2.400000000000000   -50.202410157748943   -46.750971516353104
 2.450000000000000   -41.186138463896036   -41.564538062839404
 2.500000000000000   -36.831180486267463   -36.557307090591777
 2.550000000000000   -33.540269251931740   -32.789989847125270
 2.600000000000000   -29.974657881121136   -29.615014934997436
 2.650000000000000   -26.860755536539546   -26.758247999979453
 2.700000000000000   -24.707265282946381   -24.105665157644250
 2.750000000000000   -21.680897358059958   -21.622492982359319
 2.800000000000000   -19.248840970499973   -19.047023501712889
 2.850000000000000   -16.850436822588964   -16.468779223250191
 2.900000000000000   -13.992928442604425   -14.049456006000469
 2.950000000000000   -11.318212312011184   -11.474510527730635
 3.000000000000000    -9.084816418880259    -8.850232496982729
 3.050000000000000    -6.426814536189889    -6.227699227851753
 3.100000000000000    -3.822195980704683    -3.742156649334842
 3.150000000000000    -1.950518732210729    -1.760223813981498
 3.200000000000000    -1.217482617974818    -1.188563436198796
 3.250000000000000    -1.520148429236955    -1.587626628612377
 3.300000000000000    -2.181884922664826    -2.262186964095639
 3.350000000000000    -2.829038286755178    -2.893690546736260
 3.400000000000000    -3.296906171462035    -3.326695763574995
 3.450000000000000    -3.535867237255689    -3.528964005155641
 3.500000000000000    -3.590296017823093    -3.554445351382551
 3.550000000000000    -3.437370540729575    -3.375052608107908
 3.600000000000000    -3.078019309042035    -3.027322424153323
 3.650000000000000    -2.562513616911797    -2.510362533078027
 3.700000000000000    -1.985564628795043    -1.883844283793966
 3.750000000000000    -1.378187035676333    -1.350424470159751
 3.800000000000000    -1.207093220110459    -1.211143506931844
 3.850000000000000    -1.794217425106415    -1.852728076391949
 3.900000000000000    -3.326577291946634    -3.422242570071966
 3.950000000000000    -5.351266092194400    -5.514773268822041
 4.000000000000000    -7.559869088619671    -7.766342258357493
 4.050000000000000    -9.827252289377238   -10.078026105237418
 4.100000000000000   -12.145336071104211   -12.198971778554121
 4.150000000000000   -14.158431940868898   -14.214867067798055
 4.200000000000000   -16.142520942670526   -16.198053941947542
 4.250000000000000   -18.094390249497724   -18.217519796420213
 4.300000000000000   -20.058554093017513   -20.086140796854473
 4.350000000000000   -22.068944840405258   -22.255820549105341
 4.400000000000000   -24.275188741305723   -24.393490771630642
 4.450000000000000   -26.515398069853379   -26.659855401388459
 4.500000000000000   -29.172875931240348   -29.257753307758087
 4.550000000000000   -32.201798156913966   -32.205603409208244
 4.600000000000000   -35.706464525754171   -36.143889603584704
 4.650000000000000   -42.304363809259002   -42.038418462415827
 4.700000000000000   -55.239655934009207   -55.021824055967073
 4.750000000000000   -47.665886225116893   -47.535043097994325
 4.800000000000000   -40.913723052855033   -40.737937596298927
 4.850000000000000   -37.252907009621374   -37.410706080325717
 4.900000000000000   -35.026877729845033   -35.083883900749541
 4.950000000000000   -33.238568158009777   -33.486547311817048
 5.000000000000000   -32.189002182239435   -32.501524422530196
 5.050000000000000   -31.660467980659831   -31.864467522126507
 5.100000000000000   -30.981984323781941   -31.294863577221726
 5.150000000000000   -30.775286602716839   -31.342622326569259
 5.200000000000000   -30.764572224984590   -30.951972724980980
 5.250000000000000   -31.405150382993259   -31.586006969895287
 5.300000000000000   -32.223453404169888   -32.653952001386330
 5.350000000000000   -34.338560096429767   -34.556834407060713
 5.400000000000000   -38.546812240331064   -40.318460083740668
 5.450000000000000   -47.407803759274842   -50.096723087470764
 5.500000000000000   -33.027100566416095   -33.149297974092683
 5.550000000000000   -24.964265740355781   -25.743191675411214
 5.600000000000000   -18.914523480495632   -19.430213589242790
 5.650000000000000   -13.547098332126660   -14.073694852481520
 5.700000000000000    -8.970138798918265    -8.731317198378616
 5.750000000000000    -6.035727438365072    -6.179769795503314
 5.800000000000000    -6.521704512167370    -6.696073072916884
 5.850000000000000    -7.571424319156902    -7.798070385532756
 5.900000000000000    -8.308911785128830    -8.382620636528447
 5.950000000000000    -9.134819481227249    -9.090505736691400
 6.000000000000000   -10.616549585101792   -11.053609400571551
 6.050000000000000   -17.301421007895463   -13.201493220776062
 6.100000000000000    -6.962302423708070    -6.766938132980407
 6.150000000000000    -5.595669569392306    -6.209411853556173
 6.200000000000000   -10.450102057380056   -11.901988178086883
 6.250000000000000   -21.846883762105310   -30.697191756298672
 6.300000000000000   -22.239549583600198   -19.286698444897116
 6.350000000000000   -16.403041519664910   -14.672160887116588
 6.400000000000000   -12.513863759955145   -12.169702180772747
 6.450000000000000   -10.781915346024316   -10.782203215319996
 6.500000000000000    -9.208575484665230    -9.413178084745121
 6.550000000000000    -7.617555254469945    -7.478589457584191
 6.600000000000000    -5.925032875100117    -6.202514697233268
 6.650000000000000    -4.191163025284736    -3.782339970148168
 6.700000000000000    -2.039970212509933    -2.115716043359413
 6.750000000000000    -6.574623808122156    -3.500786145083100
 6.800000000000000   -12.580077211925193    -8.618903430763929
 6.850000000000000   -13.390955837095767   -14.566783541524313
 6.900000000000000   -14.886225273063697   -13.576777432520887
 6.950000000000000    -5.292969028249454    -6.159552270941221
 7.000000000000000   -10.452953472966639   -13.489984076625980
 7.050000000000000    -6.986344243641642    -5.909789043174397
 7.100000000000000    -4.865937999191123    -4.334761020135855
 7.150000000000000    -2.689153687128696    -2.188449731052891
 7.200000000000000    -2.219256804544414    -2.222761289679033
 7.250000000000000    -3.288845239258780    -3.119085922938652
 7.300000000000000    -4.765626424545535    -4.872718736835462
 7.350000000000000    -5.885937358105032    -6.106429820364316
 7.400000000000000    -7.102990069805387    -7.273434346096938
 7.450000000000000    -8.142547193512760    -8.146962186491360
 7.500000000000000    -9.036391087319357    -9.050876761085368
 7.550000000000000    -9.912745863547190    -9.866988895366969
 7.600000000000000   -10.608901489168222   -10.660319883373147
 7.650000000000000   -11.320511530214517   -11.384837019061839
 7.700000000000000   -11.947250760473537   -12.012939928142728
 7.750000000000000   -12.588797505975410   -12.622784114740718
 7.800000000000000   -13.090062745277052   -13.147318813793170
 7.850000000000000   -13.606590328585689   -13.634525535053440
 7.900000000000000   -14.022289520342799   -14.096036719992346
 7.950000000000000   -14.433840550166838   -14.434344187927877
 8.000000000000000   -14.737016098246839   -14.836676722909145
 8.050000000000001   -14.930086149990949   -14.990582882189548
 8.100000000000000   -14.714082440869685   -14.840017954949085
 8.150000000000000   -14.614468432971471   -14.070443371012699
 8.199999999999999   -17.540294454747606   -21.095667467926535
 8.250000000000000   -17.348460969031763   -15.041082632482317
 8.300000000000001   -17.529798440529387   -19.763839789856018
 8.350000000000000   -18.973274843308104   -18.731976529495640
 8.400000000000000   -19.490366656891165   -20.628960177663068
 8.449999999999999   -19.803520852838243   -19.245676185527294
 8.500000000000000   -19.823843288561360   -19.882500667532472
 8.550000000000001   -20.174239231285338   -20.378815012778979
 8.600000000000000   -20.632419302937837   -20.575150199768299
 8.650000000000000   -21.013144852921524   -21.176482045087717
 8.699999999999999   -21.499024325556253   -21.632651588907745
 8.750000000000000   -22.150771216348893   -22.280153176150055
 8.800000000000001   -23.038332653416763   -23.646290383442082
 8.850000000000000   -24.574363930149630   -25.113372943521270
 8.900000000000000   -28.079379986218619   -30.583943159739061
 8.949999999999999   -27.263764508091111   -19.182403436169224
 9.000000000000000   -18.480728129550126   -20.301505472547326
 9.050000000000001   -22.677345180938257   -19.533396695603283
 9.100000000000000    -9.238870789740137   -10.594766156693344
 9.150000000000000   -26.970050867547275   -22.645574773840043
 9.199999999999999   -32.615817082926164   -19.618259792579661
 9.250000000000000   -21.039062985201653   -19.703526243705532
 9.300000000000001   -20.110101373416647   -27.273270052906092
 9.350000000000000   -23.052305959066867   -23.267857768830833
 9.400000000000000   -20.127332361511289   -27.249339732909931
 9.449999999999999   -18.496305184482306   -27.707007045481081
 9.500000000000000   -26.368418789665828   -25.808044935270221
 9.550000000000001   -28.930947183823040   -29.282718343975393
 9.600000000000000   -31.588840085550697   -31.262806824138707
 9.650000000000000   -38.966872617998753   -36.529385739768742
 9.699999999999999   -42.653437894599222   -40.343795943620428
 9.750000000000000   -28.224111463616712   -27.085334730320429
 9.800000000000001   -19.333863150148868   -19.284736080303517
 9.850000000000000   -10.765144628135335    -9.850236827011393
 9.900000000000000   -12.010724857038854   -11.597742174072952
 9.949999999999999   -19.553647985710345   -19.822857976036023
